176974886||jiang||357305882||0||1466587436
176974886||Simple||406892700||0||1431571698
176974886||软件111-曾烨||673988766||0||1452242660
176974886||You||821311546||0||1442200683
176974886||cookie||2212590882||0||1452254052
176974886||喝水噎着了||410623575||1335764376||1452243490
176974886||🍭潇潇潇潇潇潇潇潇潇潇||313362494||0||1431571783
176974886||......||348863018||0||1452250862
176974886||繁似简||357733579||0||1452306664
176974886||徐||373190636||0||1319644800
176974886||Mr&nbsp;Armor||411298752||0||1452260606
176974886||蔡泽坚(火星上的狼爸爸)||421359645||0||1452243741
176974886||Yu.宇||461656135||0||1452260606
176974886||Null||493626221||0||1452241540
176974886||&nbsp;||546481067||0||1452242712
176974886||卿笑||547712148||0||1413016935
176974886||露水安娜与海豚||578699990||0||1462798393
176974886||薏苡||627446914||0||0
176974886||黯灭||648566343||0||1452250801
176974886||王小兽||675110158||0||1434535572
176974886||Nagisa&nbsp;Kaworu||710197227||0||1452240896
176974886||哔哔叨叨||743253071||0||1441696787
176974886||じ☆ve⑤⑵０||744417715||0||0
176974886||二~~大爷||757360304||0||1375697717
176974886||sj||791298237||0||1432391269
176974886||淡抹丶低调的伤||867205317||0||1452260651
176974886||小屁股的李伯伯||940526732||0||1466587457
176974886||逸晨||973641448||0||0
176974886||夜``~||1019775310||0||1452243665
176974886||&#39;||1217210173||0||1330099200
176974886||Just&nbsp;Smile||1246686911||0||1452306579
176974886||wuxin丶||1260978581||0||1452383072
176974886||求svg高手||1600337615||0||1452242556
176974886||奋斗吧青春||1640842181||0||1371312000
176974886||Session||2228369860||0||1452254171
176974886||对方正在输入||2546537341||0||1432294284
176974886||oο人儿灯||26478929||1347348939||0
176974886||Mayoi||465960122||1349786555||1466587257
176974886||.||449308797||1350827229||0
176974886||苍穹の尽头||1005910896||1352720796||1435673423
176974886||怠惰||835256838||1385977111||1435393721
176974886||Ricky||272777833||1404057533||0
341243169||cookie||2212590882||1398487414||1416405642
341243169||jiang||357305882||1398606833||1411738966
341243169||bambino||1016900528||1398738227||1417659948
341243169||糖糖||378395339||1398738378||0
341243169||黄蓉||184374895||1398738649||1416405655
341243169||朱小懒||2823048657||1398760433||0
341243169||紫星辰||1132585453||1400143215||1417667371
341243169||陈勇||1007535493||1404211587||1417954485
341243169||A.XL||1136321386||1404211589||1417956453
341243169||Simple||406892700||1409807247||1411738996
